0000249200002
0255011500001
0000280500001
0000306900001
0000234200001
0130802300001
0000877600001
0000268600001
0397413500001
0225711500001
0000067500001
0203611000001
0203711000001
0000268700001
0000268700001
0000268700001
0000358200001
0000571900002
0000884700001
0000004300001
0377212600001
0255611500001
0254711500001
0254811500001
0000074200001
0254611500001
0377112600001
0000069700001
0000074000001
0000004800001
0000358200001
0000075400002
0016101400010
0016101600002
0251511900001
0000368300001
0388912800004
0000266200001
0000268700001
0000075400001
0000960000001
0000435300001
0000268700001
0214311200001
0000398000001
0000268700003
0000268700001
0000435300007
0000470800001
0000470800001
0212711300001
0000522700006
0000918200001
0000373000001
0355311900001
0254811500001
0000209200001
0000435300001
0000004300001
0189811000001
0130302200001
0075201100001
0075401100001
0000686400001
0000813400001
0000523100012
0000940200001
0000435300001
0000260200001
0000300200001
0000590800001
0000597900001
0000623600001
0000623900001
0000861700001
0272811700001
0389012900001
0000523100001
0000358300001
0000268700001
0114406600004
0212711500001
0000367900001
0054801100001
0000884300001
0000004300001
0254711500001
0247211300001
0000931500001
0011500400001
0189711000001
0028601600002
0119102800001
0000523100001
0000268700001
0000435300001
0000209200001
0000027000001
0403513600001
0000027900001
0000033700001
0255811500001
0000209200001
0000639300001
0000435300001
0000266200001
0000540400001
0016300500002
0000808900001
0016101600002
0016101400004
0397413400001
0000436500001
0000231700001
0000920500001
0254911500001
0377212600001
0214311200001
0000884300001
0255711500002
0000268700001
0000209200001
0016101600006
0016101400004
0000268700001
0000280500001
0000891000001
0388912800001
0000236300001
0000368300001
0256311500001
0000280500001
0000273300001
0000280500001
0264411700001
0392512800001
0016300400001
0016300400002
0016300500001
0225311200001
0000968800001
0000185000001
0000188500001
0000403200001
0000807900001
0000814500001
0000931300003
0000117000001
0079901700003
0080502500002
0119103000001
0180711000002
0000962400008
0378212600001
0000268700002
0000060400001
0377112600001
0256311500001
0000268700001
0000209200001
0000268700002
0254611500001
0254711500001
0000884700001
0000368300001
0403513800001
0000938400001
0000268700001
0251511600001
0081801500003
0247211600001
0016101400002
0079801200005
0081901100002
0082001100002
0082101100003
0082201100001
0215911200002
0000903300001
0393213200001
0000268700001
0251511600001
0255311500001
0378212600001
0016300400002
0016300500002
0080502500002
0377212600001
0000268700001
0000209200002
0000435300001
0000775500001
0000884700001
0000268700001
0255511500002
0000624700001
0355311900001
0000523100002
0000268700001
0000273300001
0000285300001
0000957300001
0212711200001
0283111800001
0189611100001
0000268700001
0000523100001
0378212600001
0000358700004
0000373000005
0000813400002
0225211200001
0000268600001
0000291200001
0000209200001
0189711000001
0000802000001
0000031500001
0000268600001
0000624700001
0000857700001
0000661700001
0000684400001
0000687700001
0402514800001
0001283500005
0000435300001
0000470800001
0000878000001
0255411500001
0255511500001
0016101400004
0016101600002
0189711000001
0254711500001
0000010400001
0000218400003
0000419700018
0000140200001
0000143800001
0000075400001
0000006200001
0000306900001
0000268700001
0138702300018
0143002200042
0143002300004
0016300500001
0028601400002
0079901700001
0080502500002
0000234200001
0355311900001
0000268700001
0000268700001
0022901200512
0001217800001
0377212600001
0000748500001
0000523100001
0000268700001
0000364900002
0000578800001
0000686100004
0000435300001
0000435300001
0256011500001
0000435300001
0000338400001
0028601600002
0189711000001
0000890800003
0255311500001
0000523100008
0000949800001
0114202100002
0001602600001
0000030200001
0000268700001
0000268700001
0000268700001
0254811500001
0000209200001
0000209200001
0130602200001
0130602200001
0377212600010
0254711500002
0130602200001
0130602200001
0000268700001
0000373000001
0070301500001
0000879700001
0000886300001
0000892700001
0000977000001
0119103500002
0000209200002
0254911500001
0255411500001
0256011500001
0272811700001
0000004300001
0377212600001
0419914600001
0000940200001
0000962400001
0254811500001
0420613600001
0052901100001
0392512800002
0377212600001
0254711500001
0000470800002
0000906900001
0254711500001
0378212600004
0000671100001
0125001900003
0081101100001
0434614400001
0000358200001
0070301200001
0000209200004
0000273300001
0251511500001
0000813400001
0255711500001
0264811800001
0000209200001
0000368300001
0451914700001
0001602300001
0442414400002
0393213200001
0255111500001
0255011500001
0000470800001
0000067500001
0000898900001
0256111500008
0225311200001
0000136200001
0118701900002
0000268700001
0254811500001
0000268700001
0000280500001
0016101400005
0016101600004
0247211300001
0000268700001
0000523100001
0000838200001
0000268700001
0026501100001
0256011500001
0000418300001
0434514900001
0000268700002
0000877600001
0000957300001
0251112500002
0255211500001
0262411700001
0272811700001
0000216300001
0000073200001
0000203400001
0000268700001
0000268700001
0000379400001
0254611500001
0377112600001
0000236300001
0000358200001
0000268700001
0000884300001
0000268700001
0000691900001
0251511900001
0000273300001
0000234200001
0221411200001
0000269600002
0000209200001
0000268700007
0000918900001
0173203400001
0000988500001
0254611500001
0254711500001
0255311500001
0000879000001
0000932100001
0000368300001
0397413500001
0000379400001
0081301200001
0254711500002
0000209200001
0000280500001
0000209200001
0086901800003
0123701900001
0124101900001
0000273300001
0000268700001
0254811500002
0000234200001
0000004300001
0000747300001
0254811500008
0000285300001
0000286000001
0000068400001
0000015600025
0000010000025
0000011000050
0378212600001
0000268700001
0000794600001
0180711000002
0212711200001
0247211300001
0428913400001
0000268700001
0000035700001
0001505200001
0221411200001
0378212600002
0000379400001
0000273300002
0000268700003
0000920500001
0000960000001
0000884300001
0000379400001
0000455300001
0189711100001
0000768100001
0000796200002
0000460100002
0000211300001
0000435400001
0000879600001
0402513900001
0000028300001
0393713300.63
0247211300001
0428713800001
0000268700001
0000268700001
0000435300001
0000268700001
0070301900001
0159502400001
0159502300001
0355311900001
0255111500001
0397413600001
0000268700002
0000523100001
0000774500001
0000813800001
0000820400001
0000268700001
0000179100002
0000204800002
0000205500002
0000957800004
0255011500001
0255111500001
0000268700001
0000976900001
0086901800003
0000522700001
0406113600001
0256011500001
0000280500001
0247211300001
0000962400001
0000911900001
0254611500001
0203311000001
0000266200001
0000209200001
0000897900001
0000268700001
0385712800001
0000648300001
0225111200001
0114002900007
0000075400006
0255211500001
0000273300001
0000209200001
0016101400006
0000726000001
0445515100003
0254711500002
0000931500001
0016300500002
0000075400001
0247211300001
0000435300001
0080502500002
0254611500001
0000291200001
0397413800001
0451914700001
0397413600002
0000522700008
0000136600001
0000794600005
0000075400001
0000268700001
0000268700001
0272611800001
0000209200002
0397413600001
0016101600004
0079801200004
0000274200001
0000877600001
0178211000001
0125001900001
0124901900001
0181811000001
0000236300001
0000435300001
0355311900001
0000067500001
0000048700005
0000630900001
0000462500001
0254811500001
0428713800001
0000938200001
0388912800002
0392512900001
0000279800002
0130302200002
0000216300001
0000280500001
0451914700001
0016300500002
0080502500002
0119001900001
0119102000001
0119102200001
0000385803.99
0247211500001
0000608000001
0000379400002
0000209200002
0000268700001
0000268700001
0000209200001
0000136200001
0130802300002
0255311500001
0000209200001
0420613600001
0000940200001
0000160200001
0000268700001
0000577600001
0016101400002
0000268700001
0000209200001
0000209200001
0016101400004
0016101600005
0000238100001
0393213100001
0255711500001
0119102100002
0119102600001
0000379400003
0000004800001
0000048700001
0000571900001
0000357100001
0000884700001
0000216300001
0114003000002
0000523100001
0000004300001
0225511200003
0000209200001
0254711500001
0000209200001
0000435300001
0000373000001
0255511500001
0000523100001
0000004300001
0254811500001
0000006200001
0263011700001
0000884700002
0000279800001
0228711200001
0023901100001
0000435300001
0456314400001
0022901200003
0000136200001
0000435300001
0000920400001
0000209200001
0000280500001
0255511500001
0000273300002
0000364900001
0000209200001
0070901100001
0000968800001
0016101600003
0000004800005
0000209200001
0000209200001
0000236300001
0000373000001
0011500400001
0000075400001
0378212600001
0000570300001
0075201100001
0075401100001
0000273300001
0000938200001
0203411000001
0159502500001
0000368300001
0392512800001
0000004300001
0225311200001
0225311200001
0000268700001
0000813400001
0114202100001
0000209200001
0180711000001
0000918600001
0225311200001
0254611500001
0256011500002
0000075400001
0002900100002
0119103000002
0028601400001
0080502500002
0434414300001
0355311900003
0000435300001
0255211500001
0397413400001
0000268700004
0255011500001
0256211500001
0000280500001
0432815200001
0022901200001
0000884700001
0000844700001
0009901000001
0393213200002
0089802000001
0000277700001
0225511200001
0000209200001
0272611700001
0000136200001
0000285300001
0227011400001
0000268700001
0214311200001
0000280500001
0016101600004
0000268700001
0000794600001
0000435300005
0000679100004
0397413400001
0000373000001
0001223100015
0000523100001
0392512800001
0000368300002
0255011500001
0255411500001
0000280500001
0000268700003
0000209200001
0000285300001
0142802900009
0150102200001
0000013200001
0000280200001
0000285600001
0000286000001
0027901300001
0000268700001
0000280500001
0000976900001
0377112600001
0255611500001
0000067500001
0000268700001
0027901100002
0027901200001
0027901300002
0059301100002
0059301200002
0070901100001
0000577600001
0000949800004
0000578000001
0000578400001
0000578800001
0000671100001
0255111500001
0016300400002
0080502500002
0426813400001
0000571500001
0000571900001
0000136600001
0254911500011
0000470800001
0000831800001
0000523100001
0254911500001
0406113500001
0000209200001
0477614710000
0477614802000
0000522700001
0255011500001
0080502500003
0000209200001
0225311200001
0000398400001
0079901700002
0000938400001
0119101900002
0023901300001
0000884300001
0000268700002
0000048700001
0000209200001
0000949800001
0000004800001
0000273300001
0028601600001
0377212600001
0000627800001
0119102800001
0000960000001
0000268700001
0000280500001
0000435300003
0251112500001
0119103100001
0000268700001
0000511100001
0000108000001
0000931500001
0000280200001
0247211500004
0000209200001
0000209200001
0000028300006
0000918900001
0251511500001
0086901800001
0086901900001
0016101600003
0016101400008
0016300500002
0028601400001
0031501100100
0080502500002
0097001900001
0000067500010
0000013200002
0016101400003
0225711300001
0000216300001
0000268700001
0000280500001
0254711500001
0141302200001
0171203300001
0016101400008
0016101600003
0118701900001
0016101400001
0081401100001
0000364900001
0000209200001
0000273300001
0000236300001
0000569900001
0000906900001
0251112500001
0000209200001
0000794600004
0000957300001
0000379400003
0255111500002
0254611500001
0000280500001
0225711300001
0000841400001
0000879700001
0000884700001
0000209200001
0000209200001
0114202100006
0272811700001
0000266200001
0256011500003
0000931500001
0000238100001
0256111500001
0000911900001
0251511700001
0000273300001
0000280500001
0000223200001
0203311000001
0000243900001
0118701900002
0255411500001
0393213200001
0393213200001
0378212600001
0000435300001
0000813400001
0000435300001
0000794600001
0272811700001
0001200400001
0000435300001
0052001300001
0440814400001
0000379400001
0080301100001
0000004300001
0000280500002
0000364900001
0194711000001
0000209200001
0000523100001
0000268700001
0000523100008
0000931300001
0000523100012
0000435300001
0000268700001
0178211000001
0212711200001
0000209200001
0000209200002
0225511200001
0000268700001
0267811700117
0267811700139
0251511700001
0000268700001
0000523100001
0000435300001
0000280500001
0000067500001
0000938400001
0000268700001
0377112600024
0000075400001
0000988700001
0255711500001
0000268700001
0377212600002
0392512800001
0375312800005
0000920500001
0255211500001
0247211300001
0000435300001
0000368300015
0225211200001
0000243900001
0028201700001
0000004300001
0000608000001
0000435300002
0000523100001
0355311900001
0000268600001
0000209200001
0000268600001
0114202100008
0000268700002
0272811700001
0000004300001
0000435300001
0000523100011
0066101100001
0254811500001
0377112600001
0000209200001
0066101100001
0001266916632
0000906900001
0000931300001
0189611000001
0272611800001
0000268700001
0225311200001
0000028300001
0454714300001
0000523100001
0255411500001
0000268700001
0256111500001
0000884700002
0225211200001
0000931300001
0189811000001
0009400300001
0000209200001
0256111500001
0000075400001
0000067500010
0000004300001
0000209200001
0392512800002
0000608900001
0000067500002
0000435300001
0254611500002
0000523100001
0000884300001
0225511200001
0255411500001
0000864500001
0000263800001
0254911500001
0000435300001
0254711500002
0000435300001
0212711200001
0247211300001
0000578000006
0255111500002
0377112600001
0225711300001
0355311900001
0000268700001
0000075400001
0000268700001
0000569900001
0247211600001
0189711100001
0306711700001
0000368300001
0000931500001
0000435300002
0000959900001
0000266200001
0000268700001
0264411700001
0000268700001
0000976900001
0000968800001
0000004300001
0000268700001
0254611500001
0000268700001
0000523100001
0000577600001
0428713800005
0000209200001
0000659800001
0255011500010
0000268600001
0000884300001
0247211300001
0016101600002
0000435300001
0000209200001
0000268700001
0000209200001
0251511500001
0251511900001
0000918600001
0000268700001
0000209200001
0000280500001
0432815200002
0442414400001
0203611000001
0203711000001
0000268700001
0255011500001
0000470800002
0000365700001
0377212600001
0000268700001
0000051500001
0000918900001
0000938700001
0251511800001
0000813400007
0462114600001
0355311900001
0001206600001
0397413400001
0267811700025
0000268700001
0000067500001
0000373000002
0000470800002
0000578400001
0000379400005
0178211000001
0000268700001
0000435300001
0000268700001
0000268700001
0000582500001
0000595100001
0000648300001
0000884700001
0000268700002
0189811000001
0011500400001
0119102100002
0397413400001
0000435300001
0000931500001
0392512800002
0000280500001
0000368300001
0000435300001
0000046100001
0203311000001
0000794600001
0011500400001
0000280500001
0000209200001
0000306900001
0000209200001
0000067500001
0000234200001
0434614700001
0000331900001
0000280500001
0000884300001
0000470800002
0212711200001
0388912800001
0147603302.24
0000067500001
0000877600001
0000358700001
0000828200001
0254911500001
0000280500001
0000263800001
0000968800001
0000268700001
0000136200001
0397413400001
0000890800001
0000364900001
0378212600001
0255011500001
0000209200001
0000268700001
0397413500001
0391713700001
0000358200001
0000013800001
0000035700001
0000004300006
0011500400001
0000268700001
0000435300001
0000273300002
0254811500001
0457014500001
0256111500002
0254811500001
0255511500001
0000523100001
0397413600001
0255411500001
0000209200001
0000368300001
0000204600003
0000918900002
0392512900001
0000957300001
0254611500001
0000268600001
0000435300001
0393213100001
0000435300002
0016101600001
0000075400001
0255311500001
0225311200001
0000273300001
0016300400002
0016300500002
0001266915390
0255011500001
0000976900001
0221411200001
0203411000001
0397413900001
0402515100001
0275211800001
0000209200001
0000280500001
0000280500003
0214311200001
0247211500001
0272811700001
0000280500001
0000268700001
0000523100010
0000280500001
0000435300001
0393213200001
0000523100019
0000906900001
0000523100004
0000268700001
0254811500001
0000462500001
0000268700001
0000884300002
0355311900001
0011500400001
0255111500001
0142802900002
0255111500001
0272811700001
0000268700001
0000268700001
0001217800001
0000931500001
0254611500001
0079901700001
0080502500002
0097001900001
0097002000001
0119001900001
0000268600001
0119103000001
0254911500001
0000010400002
0000358200001
0254911500001
0000368300001
0000268700001
0225711500001
0000209200001
0000522700002
0247211300001
0000931500001
0000209200001
0393213200001
0214311200001
0254711500001
0125001900001
0000268700001
0001505200001
0000266200001
0000523100001
0000435300001
0000940200001
0000209200001
0255311500001
0000319200001
0000280500001
0000373000001
0000268700001
0000004300001
0225511200001
0000209200001
0272811700001
0000268700001
0409513300001
0397913000001
0000976900001
0000209200001
0002900100002
0221411200001
0000358300001
0000280500001
0052901100005
0256011500011
0388912800001
0000209200003
0000543900001
0000004300001
0000067500001
0000435300001
0000435300001
0000268700003
0000435300001
0000813400001
0378212600001
0272811700002
0000918600001
0000522700021
0228711200001
0000523100001
0000919000012
0000938800012
0000958600012
0000960100012
0000971900012
00013027000.5
0264411700001
0255811500001
0000268700001
0397413400001
0263011700001
0000460100001
0214311200001
0070301200001
0070301400001
0000379400002
0000004300001
0254611500001
0000209200001
0000884800001
0000975500001
0000659300012
0000791800012
0000795400012
0000216300001
0000209200001
0000238100001
0000368300001
0423013400001
0000268600001
0255811500001
0397413600001
0434514900012
0000379400003
0066101100001
0254811500001
0000983000001
0227011500001
0000884700001
0000949800001
0377212600001
0000373000001
0000920400001
0000353000001
0000918600001
0000285300001
0000608000001
0000268700001
0434414400001
0000136200010
0000931500001
0000280500001
0000523100001
0000268700001
0000280500001
0000368300001
0397413400001
0000523100002
0016101400004
0000523100004
0377112600001
0000136200001
0000209200001
0000268600002
0000266200001
0000004300001
0189811000001
0000280500001
0000266200001
0255111500001
0272611800001
0000523100012
0262412000001
0000523100001
0451914700001
0428913400001
0000268600001
0451914500002
0000435300006
0000891000001
0255711500001
0439914400003
0272811700001
0000075400001
0000263800001
0000268700001
0000379400001
0000368300001
0027901100001
0070901100001
0000268700001
0000280500001
0000209200001
0247211600001
0000931500001
0000030200001
0000906900001
0393213200001
0225711300001
0255411500001
0000209200001
0114002600001
0114002800001
0000209200001
0355311900001
0000209200001
0000409500001
0000410400001
0000524300001
0000727500001
0000285300002
0306511700001
0000268700001
0000470800001
0000234200001
0000435300001
0251511500001
0442414400002
0428713800001
0000268700001
0000273300001
0000209200001
0000004300001
0000578800001
0000268700001
0000268700002
0000280500001
0000435300002
0255611500001
0392512900001
0000523100012
0000209200001
0256011500008
0000435300001
0000004800002
0254811500001
0375312900029
0000775500001
0444014400002
0000266200001
0251511500001
0000209200001
0080301100001
0256011500002
0000209200004
0000285600001
0000268700001
0000931500003
0031501100100
0086901800001
0086901900001
0119103500002
0119103600010
0000268700001
0000523100009
0247211500001
0254611500001
0000209200001
0080301100005
0247211600001
0000373000001
0393213200001
0016300400002
0049201300006
0057601100001
0377212600002
0016101400008
0000136200001
0000280500001
0397413400001
0000004300001
0000280500001
0263011800001
0000273300001
0000291200001
0011500400001
0080301100001
0221411200001
0000970500001
0000060100001
0000063700001
0000844000001
0152302400001
0203611000003
0000031500004
0000268700001
0000268700001
0247211300001
0000938200004
0130802300001
0225211200001
0254711500002
0251511700002
0000931500001
0000209200001
0254611500001
0000364900002
0255411500001
0355311900001
0000268700002
0016101400008
0262411800001
0000435300001
0000067500001
0000918900001
0000285300001
0000435300001
0000813400001
0086901800003
0086901900001
0119103600010
0251511800001
0000268700001
0397413700001
0434614700001
0000004300001
0000273300001
0000918600001
0254711500001
0000373000001
0178211000002
0000268700001
0255711500001
0000523100006
0000435300001
0000075400001
0392512800001
0000268600002
0247211300001
0000522700004
0000280500001
0016101400010
0016101600002
0000940200001
0000030200001
0462514600001
0000209200001
0016101400004
0016101600001
0434614700001
0000216300001
0000067500001
0000268600001
0238411200001
0255411500006
0000268700001
0000209200001
0254911500001
0000268700001
0189811000001
0000030200001
0000957300003
0000368300001
0000035700001
0000268700001
0000960000001
0227011300001
0377212600001
0402515200001
0254611500001
0092402100001
0000280500001
0000030200005
0000918200001
0000011000002
0000015600002
0195011000002
0285512100002
0000048700004
0000031500003
0000470800001
0247211300002
0000273300001
0000306900001
0000004300001
0000004300001
0000268600001
0264411700001
0000266200001
0000435300001
0189711100001
0251511900001
0254711500001
0000522700010
0000209200001
0355311900001
0000891000001
0247211500001
0000268700001
0000209200001
0000368300001
0000209200001
0075401100001
0002900100001
0016300400001
0016300500001
0080502500002
0000004300008
0000460100001
0000209200001
0393213500001
0000209200011
0000234200003
0000280500001
0000035700001
0254711500001
0000268700001
0000268700001
0000522700012
0000258900001
0251511800001
0000268700001
0000266200001
0000280500001
0377212600002
0251511800001
0255311500001
0000004300001
0066201100001
0255011500001
0000522700006
0000931500001
0000268700001
0000209200001
0255011500001
0255211500001
0255411500001
0000435300001
0000960000001
0000364900001
0393213200001
0000209200001
0000608000001
0255111500001
0255411500001
0256111500001
0000280500001
0000268700001
0377212600001
0000030200002
0254711500001
0378212600001
0000004300001
0000435300001
0000266200001
0000268700002
0251511900001
0377212600001
0000630900001
0385712800001
0000268700001
0000951400001
0000263800001
0000976900001
0255111500001
0377112600001
0000136200001
0000004300002
0000209200001
0000280500001
0000364900001
0378212600001
0000268700001
0000379400001
0000435300001
0000209200001
0000523100001
0000938700001
0023901300002
0000004300001
0000209200001
0000209200002
0000435300001
0000957300001
0000209200001
0404314600002
0000004300001
0092402000001
0000268700002
0000004300001
0000938400001
0000268700001
0377212600002
0397413700002
0000006200002
0000209200001
0000209200001
0000435300001
0000075400010
0434514600001
0000004300001
0000209200001
0000273300001
0000306900001
0000523100012
0000925300001
0251112500001
0130302200002
0016101400006
0016101600003
0000368300001
0255611500002
0189711000001
0000268600001
0086901900001
0000268700001
0000291200003
0000209200001
0000577600001
0388912800001
0000004300001
0000268700001
0392512800002
0000918600001
0377212600001
0402514500001
0263011700001
0377212600001
0392512800001
0000337500001
0463414300001
0000435300001
0000358200001
0434614300001
0255711500001
0306511700001
0397413500001
0000209200001
0000938700001
0251511700001
0000951400001
0254611500001
0000238100001
0000238100001
0000268600001
0000268700002
0000280500001
0397413600004
0255111500003
0000918900001
0000523100001
0000523100029
0000962400001
0254811500001
0000209200001
0000280500001
0000268700001
0000368300001
0255111500001
0000238100001
0000570300001
0225411200001
0000968800001
0225311200001
0402514400001
0000898900001
0000794600004
0000209200001
0000209200001
0000273300001
0000280500001
0000306900001
0255311500001
0000280500001
0000067500005
0355311900001
0189711100001
0000209200001
0000470800001
0001223100004
0000067500005
0397413800001
0000075400001
0000136200001
0000268600003
0000337500001
0000661000001
0000268700001
0000976900001
0255011500001
0255111500002
0378212600001
0000268600001
0255011500001
0255511500001
0000523100008
0377212600001
0000268600001
0080301100001
0000884700001
0075201100001
0000435300001
0439914400003
0000891000001
0000209200001
0000268700001
0000435300001
0000938700001
0434715000003
0000931500001
0203311000001
0066101100001
0066201100001
0355311900001
0000268700001
0000268700001
0221411200001
0254711500001
0000280500001
0000268700001
0000280500001
0251113100001
0000268700003
0393714100.92
0000884700001
0000884700003
0209611000002
0000013200001
0000794600001
0421313400001
0000368300001
0000136600001
0256011500001
0000268700001
0000064700001
0000070600001
0000074100001
0397913200001
0000004300001
0203311000001
0247211300001
0000209200001
0000268700001
0255011500002
0130302300001
0431914300001
0247211300001
0000931500001
0355311900001
0000234200001
0251511900001
0009400300002
0000234200001
0000918200001
0434614700001
0256111500001
0000209200001
0000630900002
0000280500001
0000203400001
0000268700001
0000864500001
0000306900001
0355311900001
0000280500001
0391713800001
0000266200001
0000209200001
0000364900001
0059301200002
0225211200001
0377212600001
0000364900001
00013027000.5
0000013200001
0000435300001
0000578000001
0212711300001
0286912200002
0355311900001
0377112600001
0000435300001
0256011500001
0000209200001
0000435300001
0000285300001
0000373000001
0000918900001
0255311500001
0000368300001
0000238100001
0000630900001
0000268700001
0000435300001
0225211200001
0000435300001
0255911500001
0255111500001
0000794600002
0000523100001
0000209200001
0189811000001
0264411700001
0000209200001
0000931300001
0000015600001
0195011000001
0285512100001
0000011000001
0429714700001
0434414400001
0000960000001
0000349900001
0255311500001
0397413500001
0000035700001
0000358200001
0293411700001
0397413600001
0000435300003
0189611100002
0247211600001
0009400300002
0254711500001
0000209200001
0000268600001
0247211300001
0397413600001
0000004300001
0000373000001
0000522700003
0000435300002
0251511700001
0000923900002
0000280500001
0000762900001
0000268700001
0000962400001
0022901200040
0000373000001
0247211300001
0214311200001
0000877600001
0397413700001
0000968800001
0255411500001
0247211300001
0000470800001
0397413600001
0000523100001
0397413900001
0000523100001
0000209200001
0000316300001
0023901300004
0000268600001
0355311900001
0000379400001
0000470800002
0377212600001
0247211300009
0000209200001
0254711500001
0255111500001
0000280500003
0247211600003
0000373000001
0000268700001
0000209200004
0000435300001
0000209200001
0000268700001
0293411700002
0000209200001
0000925300002
0000435300007
0000004300001
0227011500001
0000368300001
0255111500001
0000794600001
0000258900002
0000968800001
0000075400001
0385712800001
0189811000001
0251511900001
0000268700001
0000209200001
0000067500001
0000209200001
0000280500001
0000268700001
0000209200001
0000373000001
0000884800001
0000004300001
0000268700001
0000931300001
0000918200002
0000209200001
0255411500001
0000004300001
0000280500001
0251511600001
0000522700007
0377212600001
0000268700001
0255411500001
0000368300001
0000523100004
0397413400001
0225711300001
0000918900001
0000209200001
0000268700001
0255111500001
0000794600001
0000268700001
0000280500001
0000268700001
0000368300001
0000006200001
0000266200008
0000280500010
0254811500001
0000904200002
0262411700001
0000209200001
0000268700001
0000004300001
0000268700001
0378212600001
0000794600002
0000268700001
0000268700001
0000238100002
0000968800001
0000268700001
0000273300001
0000209200001
0000944900001
0000435300001
0402513800001
0000075400001
0000280500001
0255411500002
0194711000001
0000358200001
0254711500001
0000368300020
0255711500001
0000522700007
0000960000002
0256011500001
0000960000001
0000940200001
0254611500001
0000349500001
0000373000001
0247211300001
0397413500001
0000209200001
0000938200001
0392512800015
0000918200001
0247211500001
0262411800001
0000931500001
0000209200004
0000209200007
0000268700001
0000358200001
0251511700001
0432815100006
0000234200001
0000918900001
0000523100016
0189611100001
0000280500002
0000209200001
0272811700001
0000960000001
0251112500001
0255711500001
0000523100012
0000209200001
0189811000001
0251511500001
0000813400002
0000203400001
0000234200001
0000349900001
0000918600001
0375312800014
0247211600001
0000075400001
0375312800008
0428713800001
0256011500002
0189711000001
0256111500002
0263011700001
0397413900001
0402613600001
0000470800001
0000794600001
0189811000001
0000813400001
0439914300001
0112101900001
0000920500001
0000209200001
0000030200001
0000379400002
0000877600001
0000884300001
0000268600001
0355311900001
0255411500001
0225111200001
0000285300001
0209611000001
0000470800003
0000522700002
0000280500001
0000209200001
0000470800001
0432815000001
0000938200002
0000136600001
0000918900009
0000209200001
0000435300001
0397413600001
0000898900001
0000266200001
0000884700001
