0075401103168
0075401103168
0075401103168
0075401102112
0075201102400
0075401119008
0075401162400
0075201193600
0000890800504
0000890812000
0000890884000
0000890801224
0000890801224
0000890801224
0000890801224
0000890801224
0000890801224
0000890801224
0000890801224
0000890801224
0000890801224
0000890801224
0000890801224
0000890801224
0000890801224
0000890801224
0000890801224
0000890801224
0000890801224
0075401103168
0075401103168
0075401103168
0075401103168
0000890801224
0000890800504
0000890801224
0000890801224
0075401103168
0075401103168
0075401103168
0075401103168
0075401103168
0075401103168
0075401103168
0075401103168
0075401103168
0075401103168
0075401103168
0075401103168
0075401103168
0075401103168
0075401103168
0075401103168
0075401103168
0075401103168
0075401103168
0075401103168
0075401103168
0075401103168
0075401103168
0075401103168
0075401103168
0075401103168
0075401103168
0075401103168
0075401103168
0075401103168
0075401103168
0075401103168
0075401103168
0075401103168
0075401103168
0075401103168
0075401103168
0075401103168
0075401103168
0075401103168
0075401103168
0075401103168
0075401103168
0075401103168
0075401103168
0075401103168
0075401103168
0075401103168
0075401103168
0075401103168
0075401103168
0075401103168
0075401103168
0075401103168
0075401103168
0075401103168
0075401103168
0075401103168
0075401103168
0075401103168
0000890801224
0000890801224
0000890801224
0000890801224
0000890801224
0000890801224
0000890801224
0000890801224
0000890801224
0000890801224
0000890801224
0000890801224
0000890801224
0000890801224
0000890801224
0000890801224
0000890801224
0000890801224
0000890801224
0075401103168
0075401103168
0075401103168
0075401103168
0075401103168
0075401103168
0075401103168
0075401103168
0075401103168
0000890801224
0000890801224
0000890801224
0000890801224
0000890801224
0000890801224
0000890801224
0000890801224
0000890801224
0000890801224
0000890801224
0000890801224
0000890801224
0000890801224
0075201104800
0075201104800
0075201104800
0075201104800
0075201104800
0000890801224
0000890801224
0000890801224
0000890801224
0000890801224
0000890801224
0000890801224
0000890801224
0000890801224
0000890801224
0000890801224
0000890801224
0000890801224
0075201104800
0075201104800
0075201104800
0075201104800
0075201104800
0075201104800
0075201104800
0075201104800
0075201104800
0075201104800
0075201104800
0075201104800
0075201104800
0075201104800
0075201104800
0075201104800
0075201104800
0075201104800
0075201104800
0075201104800
0075201104800
0075201104800
0075201104800
0075201104800
0075201104800
0075201104800
0075201104800
0075201104800
0075201104800
0075201104800
0075201104800
0075201104800
0075201104800
0075201104800
0075201104800
0075201104800
0075201104800
0075201104800
0075201104800
0075201104800
0000890800504
0075401103168
0075401103168
0075401103168
0075401103168
0075401103168
0000890801224
0000890801224
0000890801224
0000890801224
0000890801224
0000890801224
0000890801224
0075201104800
0075201104800
0075201104800
0075201104800
0075201104800
0075201104800
0075201104800
0075201104800
0075201104800
0075201104800
0075201104800
0075201104800
0075201104800
0075201104800
0075201104800
0075201104800
0075201104800
0075201104800
0075201104800
0075201104800
0075201104800
0075201104800
0075201104800
0075201104800
0075201104800
0075201104800
0075201104800
0075201104800
0000890866600
0075201104800
0075201104800
0075201104800
0075201104800
0075201104800
0075201104800
0075201104800
0075201104800
0000890801224
0000890801224
0000890801224
0000890801224
0000890801224
0000890801224
0000890801224
0000890801224
0000890801224
0000890801224
0000890801224
0000890801224
0075201104800
0075201104800
0075201104800
0075201104800
0075201104800
0075201104800
0075201104800
0075201104800
0000890801224
0000890801224
0000890801224
0000890801224
0000890801224
0000890801224
0000890801224
0000890801224
0000890801224
0000890801224
0000890801224
0000890801224
0000890801224
0000890801224
0000890801224
0000890801224
0000890801224
0000890801224
0000890801224
0000890801224
0000890801224
0000890801224
0000890801224
0000890801224
0000890801224
0075201100050
0000890801224
0000890801224
0000890801224
0000890801224
0000890801224
0000890801224
0000890801224
0000890801224
0000890801224
0000890801224
0075201104800
0075201104800
0075201104800
0075201104800
0075201104800
0075201104800
0075201104800
0075201104800
0075201104800
0000890801224
0000890801224
0000890801224
0000890801224
0000890801224
0000890801224
0000890801224
0000890801224
0000890801224
0000890801224
0000890801224
0000890801224
0000890801224
0000890801224
0000890801224
0000890801224
0000890801224
0000890801224
0000890801224
0075201104800
0075201104800
0075201104800
0075201104800
0075201104800
0075201104800
0075201104800
0075201104800
0075201104800
0075201104800
0075201104800
0075201104800
0075201104800
0000890801224
0000890801224
0000890801224
0000890801224
0000890801224
0000890801224
0000890801224
0000890801224
0000890801224
0000890801224
0000890801224
0000890801224
0000890801224
0000890801224
0000890801224
0075201104800
0075201104800
0075201104800
0075201104800
0075201104800
0075201104800
0075201104800
0075201104800
0075201104800
0075201104800
0075201104800
0075201104800
0075201104800
0000890801224
0000890801224
0000890801224
0000890801224
0000890801224
0000890801224
0000890801224
0000890801224
0000890801224
0000890801224
0000890801224
0000890801224
0000890801224
0000890801224
0075201104800
0075201104800
0075401103162
0075201108501
0000890801224
0000890801224
0000890801224
0000890801224
0000890801224
0075201104800
0000890801224
0000890801224
0000890801224
0000890801224
0000890801224
0000890801224
0000890801224
0000890801224
0000890801224
0000890801224
0000890801224
0000890801224
0000890801224
0000890801224
0000890801224
0000890801224
0000890801224
0000890801224
0000890801224
0000890801224
0000890801224
0000890801224
0000890801224
0000890801224
0000890801224
0075401101150
0075201104800
0075201104800
0075201104800
0075201104800
0075201104800
0075201104800
0075201104800
0075201104800
0075201104800
0075201104800
0075201104800
0075201104800
0075201104800
0000890801224
0000890801224
0000890801224
0000890801224
0000890801224
0000890801224
0000890801224
0000890801224
0075201104800
0075201104800
0075201104800
0075201104800
0075201104800
0075201104800
0075201104800
0000890801224
0000890801224
0000890801224
0000890801224
0000890801224
0000890801224
0075201104800
0075201104800
0075201104800
0075201104800
0075201104800
0075201104800
0075201104800
0075201104800
0075401103168
0075401103168
0075401103168
0075401103168
0075401103168
0075401103168
0075401103168
0075401103168
0075401103168
0075401103168
0075401103168
0075401103168
0075401103168
0075401103168
0075401103168
0075401103168
0075401103168
0075401103168
0075401103168
0075401103168
0075401103168
0075401103168
0075401103168
0075401103168
0075401103168
0075401103168
0075401103168
0075401103168
0075401103168
0075201104800
0075201104800
0075201104800
0075201104800
0075201104800
0075201104800
0075201104800
0075201104800
0075401100400
0075401118000
0075201118000
0075401103168
0075401103168
0075401103168
0075401103168
0075401103168
0075401103168
0075401103168
0075401103168
0075401103168
0075401103168
0075201104800
0075201104800
0075201104800
0075201104800
0075201104800
0075201104800
0075201104800
0075201104800
0075201104800
0000890801224
0000890801224
0000890801224
0000890801224
0000890801224
0000890801224
0000890801224
0000890801224
0000890801224
0000890801224
0000890801224
0000890801224
0000890801224
0000890801224
0000890801224
0000890801224
0000890801224
0000890801224
0000890801224
0000890801224
0000890801224
0075401100010
0075201100010
0000890800720
0000890879200
0000890801224
0000890801224
0000890801224
0000890801224
0000890801224
0000890801224
0000890801224
0000890801224
0000890801224
0000890801224
0000890801224
0000890801224
0000890861200
0000890801224
0000890801224
0000890801224
0000890801224
0000890801224
0000890801224
0000890801224
0000890801224
0000890801224
0000890801224
0000890801224
0000890801224
0000890801224
0443114300336
0000890801224
0000890801224
0000890801224
0000890801224
0075401100200
0075201104800
0075201104800
0075201104800
0075201104800
0075201104800
0075201104800
0075201104800
0075401103168
0075401103168
0075401103168
0075201123000
0075401115800
0075401103168
0075401103168
0075401103168
0075401103168
0075401103168
0075401103168
0075401103168
0075401103168
0075401103168
0075401103168
0075401103168
0075401103168
0075401103168
0075401103168
0000890866096
0075401103168
0075401103168
0075401103168
0075401103168
0075401103168
0075401103168
0443114300314
0075401100120
0075201100120
0075201100014
0000368302016
0000368302016
0075201100190
0238411200084
0000890864872
0000890801224
0443114700336
0443114700336
0443114300256
0443114600028
0443114700128
0000890811260
0443114300336
0000695500068
0000695502100
0075201105000
0075401100168
0075201100168
0075201100700
0075401100699
0075401143360
0075201104391
0075401120000
0075401100400
0000268600268
0000890801224
0000890801224
0443114300336
0443114300336
0000890801224
0000890801224
0238411202016
0000890801224
0000890801224
0000890801224
0000890801224
0000890801224
0000890801224
0000890801224
0000890801224
0075401103168
0075401103168
0075401103168
0075401103168
0075401103168
0075401103168
0075401103168
0075401103168
0075401103168
0075401103168
0075401103168
0075401103168
0075401103168
0075401103168
0075401103168
0075401103168
0075401103168
0075401103168
0075401103168
0075401103168
0075401103168
0075401103168
0000890801224
0000890801224
0000890801224
0000890801224
0000890801224
0000890801224
0000890801224
0075401103168
0075401103168
0075401103168
0075401103168
0075401103168
0075401103168
0075401103168
0075401103168
0075401103168
0075401103168
0075401103168
0075401103168
0075401103168
0075401103168
0000890801224
0000890801224
0000890801224
0000890801224
0000890801224
0000890801224
0000890801224
0000890801224
0000890801224
0000890801224
0075401103168
0075401103168
0075401103168
0075401103168
0075401103168
0000890801224
0000890801224
0000890801224
0000890801224
0000890801224
0000890801224
0000890801224
0000890801224
0000890801224
0000890801224
0000890801224
0000890801224
0000890801224
0000890801224
0000890801224
0000890801224
0000890801224
0000890801224
0000890801224
0000890801224
0000890801224
0075401103168
0075401103168
0075401103168
0075401103168
0075401103168
0075401103168
0075401103168
0075401103168
0075401103168
0075401103168
0075401103168
0075401103168
0000890801224
0000890801224
0000890801224
0000890801224
0000890801224
0000890801224
0000890801224
0000890801224
0075401103168
0075401103168
0075401103168
0075401103168
0075401103168
0075401103168
0075401103168
0075401103168
0075401103168
0075401103168
0075401103168
0075401103168
0075401103168
0075401103168
0075401103168
0075401103168
0075401103168
0075401103168
0075401103168
0075401103168
0000890801224
0000890801224
0000890801224
0443114600350
0075201130600
0075401103773
0075201100015
0075401100015
0075401100200
0075201100120
0000890812240
0000695502000
0000890800504
0075201103000
0000890807344
0075401103100
0443114300336
0000268602016
0000268602016
0000890802448
0443114300164
0000890801224
0000368300068
0443114600336
0443114600336
0000890802448
0000890801224
0000890801224
0000890801300
0000890801224
0000890801224
0000890801224
0000890802448
0000890801224
0000890801224
0075201100010
0000695502016
0000695502016
0000890802600
0000890801224
0000890801224
0443114300336
0443114300336
0443114300336
0000890801224
0000890801224
0000890801224
0000890801224
0000890809792
0000890804896
0000890801500
0000890803900
0000890801224
0000890800052
0000890802448
0443114300128
0075201100025
0075401103168
0075401103168
0075401103168
0000890801224
0000890801224
0000890801224
0000890801224
0000890801224
0000890801224
0000890801224
