0186911600001
0187011400001
0088604000002
0088603900208
0001249600199
0001262800035
0001235600015
0001235800009
0088603200005
0001258500035
0042201100005
0453914302109
0001240403132
0418313600040
0001235700010
0001235800082
0001235900011
0001237900003
0001239400082
0001249600081
0459314400001
0001235600070
0001239200015
0001262400005
0001262700025
0001262800020
0187011400010
0187011500010
0187011000100
0187011100100
0187011300020
0001229901160
0001265700055
0001265800055
0001265900055
0001239300650
0001239400329
0001249600448
0001239500110
0001274600003
0467515000069
0467514900040
0001238900001
0423315300012
0423315400065
0423315500108
0423315600125
0423315700047
0423315800020
0199811800050
0199811900011
0001262800027
0001258200070
0001258100030
0001258000024
0001236100001
0001237900020
0001238800006
0001238500002
0001238700006
0001239000002
0001256400009
0001242000002
0088602500022
0091701800036
0088604700026
0001243000066
0001236000037
0001236100010
0001259900053
0088602900050
0001241300032
0252011500010
0088601900027
0088603200050
0088602600049
0180611100003
0001234300001
0001234900002
0001235100004
0001238200002
0001236000012
0001236100007
0001239300190
0001249600198
0199811500001
0199811600007
0199811700009
0001233600014
0001241400148
0088602200038
0001233800002
0458014300020
0001257500012
0187411100016
0013901000004
0088603300064
0088603100335
0088603000321
0088602800049
0423314000007
0423314100004
0186911200002
0186911400001
0186911700001
0445214900002
0074702100005
0043601600013
0043601800008
0043601900008
0423315100004
0042301100026
0001237900006
0001247300001
0001255900024
0001256500004
0001238900012
0001257600002
0001241400010
0187011300014
0001258600009
0445214900010
0001238300001
0001238500001
0001263700001
0456414900030
0001239500085
0001241300011
0252011500010
0088603200050
0088602900050
0199812100003
0015400700020
0001262100036
0001259600030
0199812300011
0001266500012
0042201100028
0001258200035
0001258100049
0001258000120
0352311901768
0043601600015
0043601900027
0088602000095
0088602500010
0088602600026
0001260800039
0149102200500
0199812200012
0180611100009
0113301900021
0001260800049
0042301100008
0013901000001
0042201100011
0142804600002
0467514701480
0142804600001
0001265700032
0001241300050
0001241400034
000230012741.
0001238300001
0001234900001
0001235100005
0458014300037
0015400700066
0015400700015
0015400700042
0088601800008
0088602300047
0199812000012
0199812100012
0199811200020
0199811300020
0199811400019
0423315000001
0423314800008
0088602700015
0088604500050
0001266100094
0423314100001
0423314300002
0423314400008
0423314500007
0423314600011
0088602900048
0142804700014
0445214800010
0001261800014
0015400700037
0001241501898
0351511900099
0351512000054
0001260300042
0001240400348
0001238200020
0001239000020
0001238300020
0001238400001
0001238500015
0001238600015
0445214800001
0001258200001
0001258000030
0187011400005
0088602300001
0187011200093
0088602900020
0088603700006
0472714700070
0470314300043
0088601900050
0088601800049
0088602300050
0001266000049
0001239500087
0001265700012
0001265800005
0088602100005
0088601800002
0088602000093
0001235700109
0088603200004
0186911100012
0187011200032
0199811300002
0199811800002
0088604000045
0088603900045
0088603300045
0088603100050
0088603000040
0088602800040
0423314200005
0142804700020
0015400700001
0015400700010
0456414900030
0001246600009
0001239400199
0001235200010
0458014300098
0199811300011
0199811200004
0418313600460
0352311910000
0458014300340
0088602500100
0001235500052
0001257800098
0088602400006
0001235700005
0011400700001
0088604100124
0001258100070
0001258000170
0001258300325
0001260800101
0001254300004
0001233600059
0001233800002
0453914300036
0343212000035
0001266200027
0001261100003
0001266400030
0001263300010
0001263200003
0001263700025
0001235000001
0088604300010
0186911100087
0186911200157
0186911300210
0186911400182
0186911500196
0186911700120
0186911600200
0186911800099
0001255700299
0456414900003
0001260200029
0001254300010
0001241400001
0001257700042
0001257600042
0088602400039
0001235500045
0142802700020
0001234900022
0001234600015
0149102500022
0182611000044
0186311000025
0199812100009
0199812400010
0199812500009
0113301900063
0001258500012
0456414900005
0001249600002
0001239300003
0423314900004
0088604300227
0001237900014
0001271800012
0088602200003
0088602300002
0088602700002
0088602900004
0001240600005
0001252000003
0001252200002
0295911700014
0042202100011
0004500600238
0001258600002
0042201700041
0042201900001
0042201500050
0042201600006
0001240400406
0015400700006
0001233800001
0015400700009
0001235900079
0001274600001
0001235600063
0001235700005
0142804900021
0001233300017
0001261900001
0423314000004
0423314100001
0187411100100
0461114300050
0001254300004
0001234600007
0088602400085
0001241400001
0001277700001
0149102200134
0001241300100
0001241400100
0351511900079
0458014300340
0001260400041
0001241400155
0467515100032
0088602300055
0001255900001
0001236000012
0001265900025
0001263300006
0004300200002
0042501100009
0088603200155
0001265800025
0252011500008
0088602400009
0088604500001
0001257700018
0001258300015
0001263200006
0001264700021
0001265400001
0142804600010
0042801100012
0001236000060
0001236100010
0013400600001
04671147108.5
0001238000012
0001238100012
0001238300001
0001238700001
0001238800009
0015400700030
0015400700010
0015400700004
0001273400075
0015400700005
0113301900001
0001260800002
0088603600209
0088601800055
0088603400228
0088603500263
0088603700055
0001239300010
0001239400001
0001249600047
0001238200003
0001239000001
0088602000030
0088602300032
0001239200005
0001262700005
0001262800015
0001235600020
0001235700005
0001235800070
0001239400001
0456414900023
0001264700032
0423314100015
0423314200003
0423314300002
0423314400007
0149102201000
0001239500080
0001258200125
0001258000120
0042201100043
0091701800051
0015400700006
0015400700015
0001283700036
0001258100161
0423314900001
0088602400171
0088602700040
0088602500060
0001257600160
0001235500207
0001257700320
0001257800109
0088604100313
0088602200040
0088604700070
0088604500163
0088602100142
0088602300050
0088602300049
0423314300004
0042801100021
0042201100020
0088602900020
0001266000016
0001274600001
0001274600001
0015400700037
0142804900005
0142803700059
0456414900011
0001239200002
0001262800030
0001235700030
0001242000002
0001244800014
0088602000002
0088602300002
0001234300002
0001235100023
0001235200006
0001241300001
0001265900001
0001236300003
0001238000006
0001238100005
0001249500012
0001257900019
0001254600006
0001257600094
0001257700045
0001266800006
0001269200030
0001260900138
0001263100015
0015400700003
0001238900007
0001238100012
0001239000006
0001238700012
0187011200011
0199811900003
0199812300001
0252011500002
0295911700001
0352011900015
0015400700013
0001277700001
0088604700001
0149102500002
0180611100009
0187011000036
0456415100009
0001260500043
0015400700001
0015400700031
0042701100055
0001269200004
0351511900251
0015400700009
0351512000022
0042801100220
0042701100164
0042201100109
0042901100200
0043001100191
0001274600001
0001262800030
0001235700030
0001239200020
0001262400035
0001262500027
0001262600034
0001262700046
0199811700009
0001258300124
0001274600001
0001274600001
0001274600001
0001235700005
0015400700011
0186911100050
0186911300023
0186911600058
0186911700002
0186911800028
0187011100006
0187011400011
0187011500009
0001239500080
0149102200300
0343211900025
0088604500050
0088602700050
0088601900150
0088602000149
0423315300020
0423315400007
0423315800009
0001273400475
0001270000199
0001274600001
0001231200035
0088602900049
0088603200100
0088603700050
0199811800011
0199812200010
0199811400010
0199811500010
0199811600001
0199811700010
0199811900006
0199812000010
0001274600001
0088603900012
0088603300016
0088603100020
0088603000006
0443314500006
0088603900006
0088602800002
0088603000012
0001272000021
0088601800050
